n=16.000000
n_log2_n=64.000000
n_squared=256.000000
two_to_n=65536.000000
