alignment=0.620000
proxy_gap=0.380000
