rmse=7.444719
mae=5.704000
bias=4.544000
