effect=0.140000
net_benefit=0.058000
