train_error=0.040000
test_error=0.090000
generalization_gap=0.050000
