explanation_fit=0.625000
explanation_gap=0.375000
