completion_term=25.000000
completed_rhs=64.000000
