error=2.000000
corrective_action=1.000000
