delayed_error=3.000000
current_error=1.000000
error_mismatch=2.000000
