treated_change=0.220000
control_change=0.080000
did_estimate=0.140000
