treated_mean=0.620000
control_mean=0.410000
difference=0.210000
