treated_mean=0.640000
control_mean=0.470000
difference=0.170000
