formula=y = 2.0x^2 + -3.0x + 1.0
x=2.000000
y=3.000000
