harm_risk=0.141100
responsibility_capacity=0.436000
escalate=0
