harm_risk_score=0.141511
responsibility_capacity=0.436000
remediation_gap=0.570000
