severity=0.920000
repair_capacity=0.350000
remediation_gap=0.570000
