error=-0.200000
absolute_error=0.200000
