contestability_score=0.551667
procedural_risk=0.421433
