stakes=0.940000
contestability=0.551667
procedural_risk=0.421433
