acceptance_rate=0.930000
model_quality=0.710000
overreliance_gap=0.220000
