reliance=0.930000
quality=0.710000
trust_calibration_error=0.220000
