reward_probability=0.540000
reward_value=1.000000
cost=0.080000
expected_reward=0.460000
