train_metric=0.820000
test_metric=0.740000
generalization_gap=0.080000
