accuracy=0.790000
precision=0.840000
recall=0.763636
f1=0.800000
