A=0.000000
B=3.000000
C=2.000000
D=8.000000
E=10.000000
