left_after=12.000000
right_after=18.000000
difference_preserved=-6.000000
