impact_score=0.820000
governance_score=0.700000
resilience_risk_score=0.440000
