score=0.940000
threshold=0.900000
saturated=1
