accuracy=0.800000
confidence=0.920000
calibration_gap=0.120000
