accuracy=0.800000
precision=0.857143
recall=0.763636
f1=0.807692
