calibration_gap=0.180000
safety_flag_rate=0.120000
evaluation_risk_score=0.300000
