 rmse=   7.44471884    
 mae=   5.70400000    
