accuracy=0.785714
precision=0.761905
recall=0.695652
