train_metric=0.840000
test_metric=0.760000
train_test_gap=0.080000
review_flag=True
