accuracy=0.830000
precision=0.833333
recall=0.849057
f1=0.841121
