sensitivity=0.765957
specificity=0.830189
false_positive_rate=0.169811
false_negative_rate=0.234043
