representation_gap=0.080000
label_gap=0.100000
historical_risk_score=0.610000
