n=10, n_log2_n=33.219281, n_squared=100
n=100, n_log2_n=664.385619, n_squared=10000
n=1000, n_log2_n=9965.784285, n_squared=1000000
