sensitivity=0.830189
specificity=0.829787
