burden=0.150000
feasibility=0.800000
review_score=0.695652
