current=0.480000
target=0.700000
delta=0.220000
cost=0.165000
