failure_risk_score=0.125409
priority_score=0.223944
resilience_capacity=0.428000
