left_after=8.000000
right_after=12.000000
difference_preserved=-4.000000
