risk=0.700000
observation_quality=0.800000
review_score=0.600000
