accuracy=0.760000
confidence=0.900000
calibration_gap=0.140000
