drift=0.310000
threshold=0.250000
review_trigger=1
