baseline=0.860000
current=0.760000
performance_decay=0.100000
