memory_limited_ops_per_sec=3125000000.000000
effective_ops_per_sec=3125000000.000000
limiting_factor=memory_bandwidth
