transfer_seconds=0.020000000
transfer_milliseconds=20.000000
