share_1=600.000000
share_2=300.000000
share_3=300.000000
check_total=1200.000000
