debit_total=125.000000
credit_total=125.000000
difference=0.000000
balanced=true
